1897030646
84591039
1084841305
1818158641
399465493
794639972
289169582
231007124
707770888
1666253734
677829698
1226433579
499495036
1065079609
1916456810
1774242019
1566521989
1553177316
1081623008
1989133153
1341877618
1429135178
1419728846
537207712
1954647962
1657810408
337161744
1349496635
1839921460
2073401171
1744109161
99843669
1991294123
235221359
417663990
1383359240
1517164204
1318035955
187356894
1972295490
734570112
75608158
358947181
15233714
659516984
1648222221
1211501476
1463871826
1394711281
917967736
1541828626
449614269
592319752
742733021
474343139
1199665920
503109775
1393355261
304712730
1109384176
869471626
1666403624
1426708881
350191540
1042487199
1983295720
1583404314
1724521830
1436088158
1768253612
1804174204
1928113692
2033520955
1015782394
1912710559
1621629518
1183139610
1968251006
1695464451
1586133364
1361971081
2027969615
182932386
1161418476
2029264544
1343172626
1654757810
1343848715
1922584058
1969416580
591935516
628285289
284536032
440941914
664172977
2013974645
955502854
1123567975
687650497
2920549
1274920448
782475204
2142111949
1649616653
969842256
1000101849
882394890
1438277238
1401242385
1431841148
222775972
2101362859
1729064067
2084802230
1490320147
1763712576
454941284
494857814
673423921
540024037
2029134765
985583131
1120798804
1533693162
175593344
1353190529
356309301
1319782384
1882612932
2082546718
60018507
1839748884
1406618338
355562597
2959600
341516700
553652693
1344771381
2072503249
1443422744
2005043788
1944039493
1051279762
1987126793
1458165310
1445127115
1217613
882381580
345553029
356035748
109859438
383530400
1120513559
1877170300
1948742403
1411372899
1205980525
723550252
1593184784
1173282070
44527399
656837094
740056256
61484207
2030935610
456668090
888849919
1591843948
879054859
1778853124
357728767
1965385839
384132345
511609324
476400355
1807233192
597323889
1659811001
976317836
766148686
1659848967
716359682
1695227081
755554962
1126129956
1351182878
1525943862
870666825
218359509
435780947
1295146596
1109763850
1120709707
1648092202
1942469982
1226763346
2136332261
625167038
965337610
1311225608
837508329
1033566345
683493300
426366075
1533754113
1710599100
2066952421
375162833
1054312291
1902475910
806089962
1869631745
1216953357
861257191
1281266493
915749559
1146409213
981468077
1931907084
409251944
1410440133
1345652982
1274615915
668458262
1964308524
527612876
1059221257
1150521581
1146239043
2103461524
1626120008
1978839156
368073909
115941575
2096134921
1360537977
1581683966
626010774
225566096
544305766
1464895312
229887614
166213756
120754297
1053516240
1973168931
1525966792
1131717909
2118955476
13387481
1764019849
2109736184
130286700
1521436740
654883413
1156240908
771247896
2145040956
640946149
1767192039
1102192482
1916720234
972308476
1655433099
1097044864
1824378620
1637319251
1199213174
1916738149
688077787
793205503
502683610
1187904556
1821665637
530015816
1904896415
137865818
1479724280
1493789920
550406377
1284167573
1590260804
300400651
1135706900
1568233696
1463713930
1710677533
1505757550
1343737095
1319217201
882859584
613488185
793906548
374391164
860956153
713087966
1071998322
63656975
922805102
1510161047
231838699
1980642397
1388368755
636927693
542216794
1987060930
1217776828
931211202
1653417390
823689331
1825150066
2048816449
72627846
189328736
52132466
1386970592
1330966866
1272125126
1213218235
1112870402
710782537
473132848
1237465143
175410408
1163633219
518650534
1605555092
511913022
770135700
1909072241
373179573
1298963697
1431300417
823822690
200446212
195710671
1580602814
1920858525
1277876651
732968449
1491600441
884884142
1852829828
441719163
1791943394
1806840616
1262433285
1626892469
912213443
496472073
1639494535
1063492390
907890412
2035947534
416652236
592254319
509976153
1667271999
1508371136
466130899
1053559595
815319037
423914559
584660142
1157702375
630968374
1024982434
932499182
810512999
1373831376
1904810869
1197547371
903976387
86454499
1550234467
1291011142
1260523691
1730340560
1237664452
1473959539
77983364
672174489
1443576248
1602324467
1966287604
1381878803
1225631522
1487424136
965992834
2083300982
1224617417
2089483731
1661421361
1901852908
1124810725
217294094
2067884249
1827651013
1655940039
547759625
1779086509
449999808
804143096
665685821
363875021
1627949145
1869033270
1597236535
748033051
1502529909
657661188
1487764000
526099356
1950146659
897182302
138464072
1881464471
1780798527
901355646
41150342
481782855
34116413
73563840
692608330
238939844
530482500
128828942
84848920
581042930
897460035
2142186818
1700420494
277743790
1940761497
2126714212
715083853
407352090
1927914949
1318704602
1092750079
682909980
652196884
1832999115
1644373766
1492663583
263545298
2024668998
525302965
1413555652
1968413159
1315163574
337495950
376331842
1829814451
1476452296
1239602552
493225517
74538618
1955210468
4537305
2080987560
702087630
695952505
81368706
148421243
1310990684
1169918464
743460348
863534876
1078199951
1672886698
1186850085
1634175949
1846919147
1056680993
348573797
190362399
63773348
484954898
1402458873
834657514
1433183719
384943393
1773397410
541325313
333691911
1751413492
381723990
1558622588
160142672
2019664470
1150961783
148043041
2010931811
875574080
941104612
1709389312
844328453
1828105195
1678414669
621837960
950224853
1327697094
152814256
387664016
1550251526
820047162
425429283
1373576651
1823551613
1612636004
106964319
1507983380
1945149867
1204034804
889478411
1624283536
1254240875
920091235
1240214527
783824039
476732207
1266197655
1578695173
1424981341
2010021469
2125243377
1794529550
1455359917
703023848
220113170
1634225005
83534327
1690642058
2081825068
1736708756
1591503733
543137709
1090720307
616334472
1670559073
814278638
488750789
1416293096
1561439042
1031689751
232166150
180185295
1306116814
581890280
1166235719
808708320
1350824972
829489388
2008461774
871666667
1627699803
1937746608
1589043349
1432407783
884398981
1262063918
1065930686
695452052
2002712871
901349392
1421109555
680748048
2021189758
2097290747
1864839476
496833953
222286322
1452648009
1203120932
1058454271
688003791
1022536827
1793066456
260924430
1852969984
1217324198
1536200410
1514830554
1103393733
1728640979
13004814
1034451200
747476055
225074329
756822817
879765198
829324693
1685207518
240487905
1942446267
2126689426
1946308982
372373166
995780127
1151325116
2095509959
1961197656
1636347791
1268247453
2119364839
146341550
1971211370
1188014749
1451797937
896693009
1162004971
1025068411
71899849
1766244341
1843831066
1239767006
1220661507
741713293
1477979273
1610224536
1205020936
1909523993
596191141
620943898
1185373707
76575215
128824347
1848124440
1320400809
1156709368
410904619
1526817147
1163705475
499733919
704832887
89234007
1989569702
2050896792
1033401970
958387915
586777371
958069067
2011968919
702304006
1474740332
204254702
383990416
509830225
846282148
1771386962
984568194
382689253
736675175
806413146
360495269
2083126531
821901003
1582311896
960587426
2066659270
177467371
1084672782
1129765141
1081009590
159924054
1064380263
296184415
1699255909
1957682908
61924268
2102931496
2051095440
1788638640
1988220486
1257791976
1014307091
1051927219
858274498
408897204
686587248
1397952173
1519988381
209824558
1237828060
283379343
1384019212
1839718650
1179849419
1539710358
1490453403
109921226
1882390520
1362843492
2020726306
1796360204
1023071410
495213325
1370393517
961155474
1419622428
1804151916
1442007393
1674350807
441160998
1082584756
59402345
1716922995
1449839508
207335086
1654548647
2111693902
1837082418
1361655158
2067312251
426450089
1492295997
52945370
927171933
957597612
1673946921
597854990
581987684
1420572256
2121182376
540306232
1057206123
735142994
1377354336
696389895
648427673
219598347
349632299
46553732
125746899
843108219
2101329803
1034712844
192097689
1133808151
355575426
1812984218
412309955
1818645198
277677550
190563050
1775107560
657434865
903120435
1264675891
1546714693
127251428
1405445782
1419843755
1809184152
1290357160
806915619
1478215807
1052510436
1875475673
1354588967
2095612529
1123025963
699511529
2046782463
770018914
1350811125
626803491
958904036
1543419939
1861600306
453155784
1414204029
2141296737
1355436072
329511201
2098585008
2115561568
1328972593
1788572487
763828451
363322097
719251980
1693388009
581606644
358514587
365578752
1507829971
2055509064
1807756361
231322830
1885602008
259951385
24440867
1438049464
1633088395
1153912498
1667173668
1728700660
2118279961
339121999
1905097467
73853459
1892653827
1332049676
514093215
686140935
1057373845
718049935
1165293260
1727186019
480427745
1389961616
949781272
1691120319
1911380406
2013902433
1915066547
62634243
1150983890
1883492205
792884179
1649059105
1465810754
1085484526
1314569105
1356394539
1627054803
480507728
1942305759
2064638454
733136502
585669869
1269213367
2010545562
1110106799
1685884073
898524880
612824437
115399175
70559917
1082810207
658925473
797044415
141461563
478861730
796910254
495599941
1154449229
135224615
178499714
1907726050
323252144
1194695691
1718348824
2146084736
1754488867
1533240720
554130637
1969878002
703585813
14983130
1386978096
321463347
102966254
1777748572
1261403304
1382280673
1979255663
1154975855
292472940
562791120
1824703540
1419359009
156775262
601720272
719344876
1116238836
1084662695
2114685681
291627932
1344464422
23510727
1048321069
1190249701
935248447
747224026
1473136796
1935169003
1410240382
98992310
1885911548
1342872304
350477782
103417528
2046645137
1230284901
1504086293
1985480079
403331082
1825624921
1704595
194832710
1417811941
1727834428
1344906100
1901202693
2111973266
1524412396
1804928760
708132870
1243815387
1807740752
175467750
1895076330
2114574783
1649688478
330638256
1129277007
1619218830
1801216830
179436118
170775049
768862210
125363746
1499708218
1546600034
243485602
1620362856
813674010
659641952
1242422251
1520886973
221389397
561003016
92575896
1519991717
1848049966
914422602
1516541677
1732698492
1606051836
1183277540
1913585909
1973538491
1229605488
1684535283
376085215
1647407018
1271012650
1775721980
1347932595
1329265715
194610978
466085586
952127865
1476696020
1855921424
1171684558
288039823
1187265105
671621733
576179532
215897302
1005281121
1667126464
398900465
1807164351
2057338893
2030353810
1265968183
604092189
1465340253
1428982751
1149227895
1488542580
312004051
473102325
1495719727
1035618898
992740646
495004657
1674261641
1401812970
133215462
1344747332
1139963188
278587681
1927063567
1653278842
2060590028
497095264
1001185228
1487171406
1107486786
1066122703
1509655547
1247749936
1310561267
1623324878
